1.0052143684820394E-5
8.945705593260006E-6
9.176007631767232E-6
9.872493191384008E-6
9.381300403225806E-6
9.34830363680742E-6
9.413109756097563E-6
9.391336818521284E-6
9.430206519034586E-6
9.483862704918032E-6
9.366476568311432E-6
9.410812157448928E-6
9.276531383917317E-6
9.437625250501001E-6
9.241620448517E-6
9.340796019900498E-6
9.494535519125681E-6
9.603353353353352E-6
9.287296898079766E-6
9.320471860407964E-6
9.38958486858266E-6
9.41461595824012E-6
1.1026309257880368E-5
9.4567268805608E-6
9.614408929477423E-6
9.4403831610789E-6
9.423028470647517E-6
1.348314606741573E-5
1.0078150439596223E-5
1.1491410723581468E-5
1.107563025210084E-5
9.617867286341339E-6
1.033149171270718E-5
9.799890350877193E-6
9.754716981132075E-6
1.0703928288953334E-5
1.132862644415918E-5
9.749687108886104E-6
9.336099585062239E-6
9.221411192214113E-6
9.368084583230882E-6
9.730166625217608E-6
9.459795867562856E-6
9.415422885572138E-6
9.396722939424031E-6
9.422079525808841E-6
9.348407488451254E-6
9.33465739821251E-6
9.382824236354532E-6
9.226336439431095E-6
9.371061255356692E-6
1.1976086397531499E-5
1.0649524375743162E-5
1.037955604275144E-5
1.2870159453302962E-5
1.3087606837606836E-5
9.613460095071304E-6
9.292803970223324E-6
9.1225453641561E-6
9.784515159107996E-6
9.441844919786097E-6
9.366543665436653E-6
9.450994841562272E-6
9.39910425478975E-6
9.427755710029791E-6
9.459459459459459E-6
9.379643387815748E-6
9.295426452410382E-6
9.309364961700023E-6
9.284497444633733E-6
9.389967229644569E-6
9.321187921138007E-6
9.416478837966442E-6
1.158164510617525E-5
9.335947071796127E-6
9.369676320272573E-6
9.329113924050633E-6
9.308973402933134E-6
9.2879631872124E-6
9.35210911846426E-6
9.237679048312697E-6
9.5016157096694E-6
9.322244289970207E-6
9.291871921182266E-6
9.320148331273177E-6
9.324596774193551E-6
9.33990516595957E-6
9.444997511199602E-6
9.415824500862706E-6
9.340931615460853E-6
9.477852016827517E-6
9.550632911392403E-6
9.352155281068819E-6
9.485677083333333E-6
9.392025755324418E-6
9.293129016312406E-6
9.453302961275625E-6
1.143132220795892E-5
1.1319117282420036E-5
1.0416666666666668E-5
